<- 15:26:59	00 01 00 01 00 01 00 1F 60 1D A1 09 06 07 60 85 74 05 08 01 01 BE 10 04 0E 01 00 00 00 06 5F 1F 04 00 00 7E 1F FF FF 
-> 15:26:59	00 01 00 01 00 01 00 2B 61 29 A1 09 06 07 60 85 74 05 08 01 01 A2 03 02 01 00 A3 05 A1 03 02 01 00 BE 10 04 0E 08 00 06 5F 1F 04 00 00 7E 1F FF FF 00 07 
<- 15:26:59	00 01 00 01 00 01 00 0D C0 01 81 00 0F 00 00 28 00 00 FF 02 00 
-> 15:26:59	00 01 00 01 00 01 01 56 C4 01 81 00 01 10 02 04 12 00 01 11 01 09 06 00 00 2A 00 00 FF 02 02 01 00 01 00 02 04 12 00 01 11 01 09 06 01 01 00 00 00 FF 02 02 01 00 01 00 02 04 12 00 01 11 01 09 06 01 01 00 00 01 FF 02 02 01 00 01 00 02 04 12 00 03 11 01 09 06 01 01 15 19 00 FF 02 02 01 00 01 00 02 04 12 00 08 11 01 09 06 00 00 01 00 00 FF 02 02 01 00 01 00 02 04 12 00 29 11 01 09 06 00 00 19 00 00 FF 02 02 01 00 01 00 02 04 12 00 1D 11 01 09 06 00 00 02 01 00 FF 02 02 01 00 01 00 02 04 12 00 14 11 01 09 06 00 00 0D 00 00 FF 02 02 01 00 01 00 02 04 12 00 13 11 01 09 06 00 00 14 00 00 FF 02 02 01 00 01 00 02 04 12 00 05 11 01 09 06 00 00 01 00 00 FF 02 02 01 00 01 00 02 04 12 00 15 11 01 09 06 00 00 01 00 00 FF 02 02 01 00 01 00 02 04 12 00 16 11 01 09 06 00 00 01 00 00 FF 02 02 01 00 01 00 02 04 12 00 11 11 01 09 06 00 00 29 00 00 FF 02 02 01 00 01 00 02 04 12 00 1C 11 01 09 06 00 00 02 02 00 FF 02 02 01 00 01 00 02 04 12 00 1B 11 01 09 06 00 00 02 00 00 FF 02 02 01 00 01 00 02 04 12 00 2B 11 01 09 06 00 00 19 02 00 FF 02 02 01 00 01 00 
<- 15:27:00	00 01 00 01 00 01 00 0D C0 01 81 00 01 00 00 2A 00 00 FF 02 00 
-> 15:27:00	00 01 00 01 00 01 00 16 C4 01 81 00 09 10 47 52 58 30 30 30 30 30 30 30 30 30 30 30 30 30 
<- 15:27:00	00 01 00 01 00 01 00 0D C0 01 81 00 01 01 01 00 00 00 FF 02 00 
-> 15:27:00	00 01 00 01 00 01 00 16 C4 01 81 00 0A 10 47 52 58 30 30 30 30 30 30 30 30 30 30 30 30 30 
<- 15:27:00	00 01 00 01 00 01 00 0D C0 01 81 00 01 01 01 00 00 01 FF 02 00 
-> 15:27:00	00 01 00 01 00 01 00 09 C4 01 81 00 06 CC CC CC CC 
<- 15:27:00	00 01 00 01 00 01 00 0D C0 01 81 00 03 01 01 15 19 00 FF 03 00 
-> 15:27:00	00 01 00 01 00 01 00 0A C4 01 81 00 02 02 11 00 11 00 
<- 15:27:00	00 01 00 01 00 01 00 0D C0 01 81 00 03 01 01 15 19 00 FF 02 00 
-> 15:27:00	00 01 00 01 00 01 00 09 C4 01 81 00 05 00 00 00 0C 
<- 15:27:00	00 01 00 01 00 01 00 0D C0 01 81 00 08 00 00 01 00 00 FF 02 00 
-> 15:27:00	00 01 00 01 00 01 00 12 C4 01 81 00 09 0C 07 DE 02 04 FF 0F 1B 00 FF 80 00 00 
<- 15:27:00	00 01 00 01 00 01 00 0D C0 01 81 00 08 00 00 01 00 00 FF 03 00 
-> 15:27:00	00 01 00 01 00 01 00 07 C4 01 81 00 10 00 00 
<- 15:27:00	00 01 00 01 00 01 00 0D C0 01 81 00 08 00 00 01 00 00 FF 04 00 
-> 15:27:00	00 01 00 01 00 01 00 06 C4 01 81 00 11 00 
<- 15:27:00	00 01 00 01 00 01 00 0D C0 01 81 00 08 00 00 01 00 00 FF 05 00 
-> 15:27:00	00 01 00 01 00 01 00 12 C4 01 81 00 09 0C FF FF 09 01 FF FF FF FF FF 80 00 00 
<- 15:27:00	00 01 00 01 00 01 00 0D C0 01 81 00 08 00 00 01 00 00 FF 06 00 
-> 15:27:00	00 01 00 01 00 01 00 12 C4 01 81 00 09 0C FF FF 03 01 FF FF FF FF FF 80 00 00 
<- 15:27:00	00 01 00 01 00 01 00 0D C0 01 81 00 08 00 00 01 00 00 FF 07 00 
-> 15:27:00	00 01 00 01 00 01 00 06 C4 01 81 00 0F 00 
<- 15:27:00	00 01 00 01 00 01 00 0D C0 01 81 00 08 00 00 01 00 00 FF 08 00 
-> 15:27:00	00 01 00 01 00 01 00 06 C4 01 81 00 03 00 
<- 15:27:00	00 01 00 01 00 01 00 0D C0 01 81 00 08 00 00 01 00 00 FF 09 00 
-> 15:27:00	00 01 00 01 00 01 00 06 C4 01 81 00 16 00 
<- 15:27:00	00 01 00 01 00 01 00 0D C0 01 81 00 29 00 00 19 00 00 FF 02 00 
-> 15:27:00	00 01 00 01 00 01 00 07 C4 01 81 00 12 0F DB 
<- 15:27:00	00 01 00 01 00 01 00 0D C0 01 81 00 29 00 00 19 00 00 FF 03 00 
-> 15:27:00	00 01 00 01 00 01 00 0A C4 01 81 00 09 04 7F 00 00 01 
<- 15:27:00	00 01 00 01 00 01 00 0D C0 01 81 00 29 00 00 19 00 00 FF 04 00 
-> 15:27:00	00 01 00 01 00 01 00 07 C4 01 81 00 12 02 40 
<- 15:27:00	00 01 00 01 00 01 00 0D C0 01 81 00 29 00 00 19 00 00 FF 05 00 
-> 15:27:00	00 01 00 01 00 01 00 06 C4 01 81 00 11 01 
<- 15:27:00	00 01 00 01 00 01 00 0D C0 01 81 00 29 00 00 19 00 00 FF 06 00 
-> 15:27:00	00 01 00 01 00 01 00 07 C4 01 81 00 12 00 B4 
<- 15:27:00	00 01 00 01 00 01 00 0D C0 01 81 00 1D 00 00 02 01 00 FF 02 00 
-> 15:27:00	00 01 00 01 00 01 00 06 C4 01 81 00 16 01 
<- 15:27:00	00 01 00 01 00 01 00 0D C0 01 81 00 1D 00 00 02 01 00 FF 03 00 
-> 15:27:00	00 01 00 01 00 01 00 06 C4 01 81 00 11 0A 
<- 15:27:00	00 01 00 01 00 01 00 0D C0 01 81 00 1D 00 00 02 01 00 FF 04 00 
-> 15:27:00	00 01 00 01 00 01 00 07 C4 01 81 00 12 00 3C 
<- 15:27:00	00 01 00 01 00 01 00 0D C0 01 81 00 1D 00 00 02 01 00 FF 05 00 
-> 15:27:00	00 01 00 01 00 01 00 24 C4 01 81 00 01 01 02 02 09 0C FF FF FF FF FF 01 00 00 FF 80 00 00 09 0C FF FF FF FF FF 06 00 00 FF 80 00 00 
<- 15:27:00	00 01 00 01 00 01 00 0D C0 01 81 00 1D 00 00 02 01 00 FF 06 00 
-> 15:27:00	00 01 00 01 00 01 00 15 C4 01 81 00 01 01 09 0D 77 77 77 2E 67 75 72 75 78 2E 6F 72 67 
<- 15:27:00	00 01 00 01 00 01 00 0D C0 01 81 00 14 00 00 0D 00 00 FF 02 00 
-> 15:27:00	00 01 00 01 00 01 00 0C C4 01 81 00 09 06 41 63 74 69 76 65 
<- 15:27:00	00 01 00 01 00 01 00 0D C0 01 81 00 14 00 00 0D 00 00 FF 03 00 
-> 15:27:00	00 01 00 01 00 01 00 06 C4 01 81 00 01 00 
<- 15:27:00	00 01 00 01 00 01 00 0D C0 01 81 00 14 00 00 0D 00 00 FF 04 00 
-> 15:27:00	00 01 00 01 00 01 00 06 C4 01 81 00 01 00 
<- 15:27:00	00 01 00 01 00 01 00 0D C0 01 81 00 14 00 00 0D 00 00 FF 05 00 
-> 15:27:00	00 01 00 01 00 01 00 06 C4 01 81 00 01 00 
<- 15:27:00	00 01 00 01 00 01 00 0D C0 01 81 00 14 00 00 0D 00 00 FF 06 00 
-> 15:27:00	00 01 00 01 00 01 00 0D C4 01 81 00 09 07 50 61 73 73 69 76 65 
<- 15:27:00	00 01 00 01 00 01 00 0D C0 01 81 00 14 00 00 0D 00 00 FF 07 00 
-> 15:27:00	00 01 00 01 00 01 00 06 C4 01 81 00 01 00 
<- 15:27:00	00 01 00 01 00 01 00 0D C0 01 81 00 14 00 00 0D 00 00 FF 08 00 
-> 15:27:00	00 01 00 01 00 01 00 06 C4 01 81 00 01 00 
<- 15:27:00	00 01 00 01 00 01 00 0D C0 01 81 00 14 00 00 0D 00 00 FF 09 00 
-> 15:27:00	00 01 00 01 00 01 00 06 C4 01 81 00 01 00 
<- 15:27:00	00 01 00 01 00 01 00 0D C0 01 81 00 14 00 00 0D 00 00 FF 0A 00 
-> 15:27:00	00 01 00 01 00 01 00 12 C4 01 81 00 09 0C 07 DE 02 04 FF 0F 1B 00 FF 80 00 00 
<- 15:27:00	00 01 00 01 00 01 00 0D C0 01 81 00 13 00 00 14 00 00 FF 02 00 
-> 15:27:00	00 01 00 01 00 01 00 06 C4 01 81 00 16 00 
<- 15:27:00	00 01 00 01 00 01 00 0D C0 01 81 00 13 00 00 14 00 00 FF 03 00 
-> 15:27:00	00 01 00 01 00 01 00 06 C4 01 81 00 16 00 
<- 15:27:00	00 01 00 01 00 01 00 0D C0 01 81 00 13 00 00 14 00 00 FF 04 00 
-> 15:27:00	00 01 00 01 00 01 00 06 C4 01 81 00 16 05 
<- 15:27:00	00 01 00 01 00 01 00 0D C0 01 81 00 13 00 00 14 00 00 FF 05 00 
-> 15:27:00	00 01 00 01 00 01 00 06 C4 01 81 00 16 01 
<- 15:27:00	00 01 00 01 00 01 00 0D C0 01 81 00 13 00 00 14 00 00 FF 06 00 
-> 15:27:00	00 01 00 01 00 01 00 0B C4 01 81 00 09 05 47 75 72 75 78 
<- 15:27:00	00 01 00 01 00 01 00 0D C0 01 81 00 13 00 00 14 00 00 FF 07 00 
-> 15:27:00	00 01 00 01 00 01 00 0C C4 01 81 00 09 06 47 75 72 75 78 31 
<- 15:27:00	00 01 00 01 00 01 00 0D C0 01 81 00 13 00 00 14 00 00 FF 08 00 
-> 15:27:00	00 01 00 01 00 01 00 0C C4 01 81 00 09 06 47 75 72 75 78 32 
<- 15:27:00	00 01 00 01 00 01 00 0D C0 01 81 00 13 00 00 14 00 00 FF 09 00 
-> 15:27:00	00 01 00 01 00 01 00 0C C4 01 81 00 09 06 47 75 72 75 78 35 
<- 15:27:00	00 01 00 01 00 01 00 0D C0 01 81 00 05 00 00 01 00 00 FF 04 00 
-> 15:27:00	00 01 00 01 00 01 00 0A C4 01 81 00 02 02 11 00 11 00 
<- 15:27:00	00 01 00 01 00 01 00 0D C0 01 81 00 05 00 00 01 00 00 FF 02 00 
-> 15:27:00	00 01 00 01 00 01 00 09 C4 01 81 00 05 00 00 00 0A 
<- 15:27:00	00 01 00 01 00 01 00 0D C0 01 81 00 05 00 00 01 00 00 FF 03 00 
-> 15:27:00	00 01 00 01 00 01 00 09 C4 01 81 00 05 00 00 00 14 
<- 15:27:00	00 01 00 01 00 01 00 0D C0 01 81 00 05 00 00 01 00 00 FF 05 00 
-> 15:27:00	00 01 00 01 00 01 00 09 C4 01 81 00 05 00 00 00 01 
<- 15:27:00	00 01 00 01 00 01 00 0D C0 01 81 00 05 00 00 01 00 00 FF 06 00 
-> 15:27:00	00 01 00 01 00 01 00 12 C4 01 81 00 09 0C 07 DE 02 04 FF 0F 1B 00 FF 80 00 00 
<- 15:27:00	00 01 00 01 00 01 00 0D C0 01 81 00 05 00 00 01 00 00 FF 07 00 
-> 15:27:00	00 01 00 01 00 01 00 12 C4 01 81 00 09 0C 07 DE 02 04 FF 0F 1B 00 FF 80 00 00 
<- 15:27:00	00 01 00 01 00 01 00 0D C0 01 81 00 05 00 00 01 00 00 FF 08 00 
-> 15:27:00	00 01 00 01 00 01 00 09 C4 01 81 00 06 00 00 00 0A 
<- 15:27:00	00 01 00 01 00 01 00 0D C0 01 81 00 05 00 00 01 00 00 FF 09 00 
-> 15:27:00	00 01 00 01 00 01 00 07 C4 01 81 00 12 00 01 
<- 15:27:00	00 01 00 01 00 01 00 0D C0 01 81 00 15 00 00 01 00 00 FF 02 00 
-> 15:27:00	00 01 00 01 00 01 00 16 C4 01 81 00 01 02 09 06 47 75 72 75 78 31 09 06 47 75 72 75 78 32 
<- 15:27:00	00 01 00 01 00 01 00 0D C0 01 81 00 15 00 00 01 00 00 FF 03 00 
-> 15:27:00	00 01 00 01 00 01 00 13 C4 01 81 00 02 03 12 00 03 09 06 01 01 15 19 00 FF 0F 02 
<- 15:27:00	00 01 00 01 00 01 00 0D C0 01 81 00 15 00 00 01 00 00 FF 04 00 
-> 15:27:00	00 01 00 01 00 01 00 1A C4 01 81 00 01 01 02 02 02 02 09 00 11 00 02 02 09 06 00 00 01 00 00 FF 11 01 
<- 15:27:00	00 01 00 01 00 01 00 0D C0 01 81 00 16 00 00 01 00 00 FF 02 00 
-> 15:27:00	00 01 00 01 00 01 00 16 C4 01 81 00 02 02 09 0B 31 2E 32 2E 33 2E 34 2E 35 2E 36 12 00 01 
<- 15:27:00	00 01 00 01 00 01 00 0D C0 01 81 00 16 00 00 01 00 00 FF 03 00 
-> 15:27:00	00 01 00 01 00 01 00 06 C4 01 81 00 16 00 
<- 15:27:00	00 01 00 01 00 01 00 0D C0 01 81 00 16 00 00 01 00 00 FF 04 00 
-> 15:27:00	00 01 00 01 00 01 00 06 C4 01 81 00 01 00 
<- 15:27:00	00 01 00 01 00 01 00 0D C0 01 81 00 11 00 00 29 00 00 FF 02 00 
-> 15:27:00	00 01 00 01 00 01 00 20 C4 01 81 00 01 02 02 02 12 00 01 09 05 47 75 72 75 78 02 02 12 00 10 09 07 47 75 72 75 78 2D 32 
<- 15:27:00	00 01 00 01 00 01 00 0D C0 01 81 00 1C 00 00 02 02 00 FF 02 00 
-> 15:27:00	00 01 00 01 00 01 00 06 C4 01 81 00 16 06 
<- 15:27:00	00 01 00 01 00 01 00 0D C0 01 81 00 1C 00 00 02 02 00 FF 03 00 
-> 15:27:00	00 01 00 01 00 01 00 24 C4 01 81 00 01 01 02 02 09 0C FF FF FF FF FF 06 FF FF FF 80 00 00 09 0C FF FF FF FF FF 08 FF FF FF 80 00 00 
<- 15:27:00	00 01 00 01 00 01 00 0D C0 01 81 00 1C 00 00 02 02 00 FF 04 00 
-> 15:27:00	00 01 00 01 00 01 00 06 C4 01 81 00 16 00 
<- 15:27:00	00 01 00 01 00 01 00 0D C0 01 81 00 1C 00 00 02 02 00 FF 05 00 
-> 15:27:00	00 01 00 01 00 01 00 06 C4 01 81 00 11 00 
<- 15:27:00	00 01 00 01 00 01 00 0D C0 01 81 00 1C 00 00 02 02 00 FF 06 00 
-> 15:27:00	00 01 00 01 00 01 00 0A C4 01 81 00 02 02 11 01 11 02 
<- 15:27:00	00 01 00 01 00 01 00 0D C0 01 81 00 1B 00 00 02 00 00 FF 02 00 
-> 15:27:00	00 01 00 01 00 01 00 06 C4 01 81 00 16 00 
<- 15:27:00	00 01 00 01 00 01 00 0D C0 01 81 00 1B 00 00 02 00 00 FF 03 00 
-> 15:27:00	00 01 00 01 00 01 00 13 C4 01 81 00 01 01 02 03 09 02 41 54 09 02 4F 4B 12 00 00 
<- 15:27:00	00 01 00 01 00 01 00 0D C0 01 81 00 1B 00 00 02 00 00 FF 04 00 
-> 15:27:00	00 01 00 01 00 01 00 D0 C4 01 81 00 01 11 09 02 4F 4B 09 07 43 4F 4E 4E 45 43 54 09 04 52 49 4E 47 09 0A 4E 4F 20 43 41 52 52 49 45 52 09 05 45 52 52 4F 52 09 0C 43 4F 4E 4E 45 43 54 20 31 32 30 30 09 0C 4E 4F 20 44 49 41 4C 20 54 4F 4E 45 09 04 42 55 53 59 09 09 4E 4F 20 41 4E 53 57 45 52 09 0B 43 4F 4E 4E 45 43 54 20 36 30 30 09 0C 43 4F 4E 4E 45 43 54 20 32 34 30 30 09 0C 43 4F 4E 4E 45 43 54 20 34 38 30 30 09 0C 43 4F 4E 4E 45 43 54 20 39 36 30 30 09 0E 43 4F 4E 4E 45 43 54 20 31 34 20 34 30 30 09 0E 43 4F 4E 4E 45 43 54 20 32 38 20 38 30 30 09 0E 43 4F 4E 4E 45 43 54 20 33 33 20 36 30 30 09 0E 43 4F 4E 4E 45 43 54 20 35 36 20 30 30 30 
<- 15:27:00	00 01 00 01 00 01 00 0D C0 01 81 00 2B 00 00 19 02 00 FF 02 00 
-> 15:27:00	00 01 00 01 00 01 00 0D C4 01 81 00 09 07 00 0B 16 21 2C 37 42 
<- 15:27:00	00 01 00 01 00 01 00 02 62 00 
-> 15:27:00	00 01 00 01 00 01 00 05 63 03 80 01 00 
<- 15:27:00	00 01 00 01 00 01 00 02 62 00 
